inaoqi-broker: construct at 0.0.0.0:0, parent : 192.168.0.101:9559
[I] 24638 qimessaging.session: Session listener created on tcp://0.0.0.0:0
[I] 24638 qimessaging.transportserver: TransportServer will listen on: tcp://127.0.0.1:56714
[I] 24638 qimessaging.transportserver: TransportServer will listen on: tcp://192.168.122.1:56714
[I] 24638 qimessaging.transportserver: TransportServer will listen on: tcp://192.168.0.102:56714
LineFinder: start - begin

aMaxL
[156 156 156 156 156 156 156 156 156 156 156 156 173 173 173 173 173 173
 173 173 173 156 173 156 156 156 156 156 156 156 156 156 156 156 156 174
 174 174 174 174 174 174 174 174 174 174 174 174 156 156 174 156 156 156
 156 156   0 156 156 175 175 256 175 175 175 175 175 175 175 175 175 175
 175   0 205 205 155 155 251   0   0 155 155 176 155 155 155 176 176 176
 176 176 176 176 176 149 176 176   0  93   0   0  78   0   0   0   0   0
   0 154 154  80 177 230 177 177 177 177 177 177   0 123   0 241  71   0
 153   0  40   0 150 148 153 153 153   0 244 178 245 178   0 178 178 178
 248 261 247 146 155 155 155 155 155 155   0 147 146 155 251 155 155 155
 155 155 155 179 179 179 246   0 179 252   0 247 255   0   0   0 102   0
 106   0   0   0   0   0   0   0 113 151   0   0 134   0 154 154 132 131
   0   0   0   0 154 154 154 154 154 154   0   0   0   0   0   0   0 181
 181 181 181 181 181 181 181 181 181 181 181   0   0 263   0   0   0   0
 153 153   0 182 153 182]
Line Length: 185
nFirstNonZero: 0
nLastNonZero: 239
nHeightSampling: 239
nHeight: 240
nWidth: 320
nSamplingSize: 4
rOrientation rough: -0.0481171548117
rBase: 167.500000, rMed: 130.750000, rTop: 156.000000, rOrientation: -0.048117
detectLine takes: 0.136s
found line
TODO:should send data to walker
end of loop, time total: 0.136s, time get image: 0.133s, time detect: 0.003s

aMaxL
[156 156 156 156 156 156 156 156 156 156 156 156 173 173 173 173 173 173
 173 173 173 156 173 156 156 156 156 156 156 156 156 156 156 156 156 174
 174 174 174 174 174 174 174 174 174 174 174 174 156 174 156 156 156 156
 156 156 156 156 235 175 175 256 175 175 175 175 175 175 175 175 175 175
 175   0 205 205 155 200 251   0   0 155 155 176 155 155 176 176 176 176
 176 176 176 176 176 149 176   0 176 176 235   0  78   0   0   0   0   0
 154   0 154  80 177 230 177 177 177 177 177 177   0 177   0 241 120   0
 153   0  40   0 150 148 153 153 178   0 178 178 245 178   0 178 178 178
 248 261 247 146 155 155 155 155 155 257 155 147 146 155 251 155 155 155
 155 155 155 179 179 179 246   0 179 252   0 247 255   0   0   0 102   0
 106   0   0   0   0   0   0   0   0   0   0   0 134   0 154 154 154 131
   0   0   0   0 154 154 154   0   0 154   0   0   0   0   0   0   0   0
 181 181 181 181 181 181 181 181 181 181 181   0   0 263   0   0   0 153
 153 153   0 153 153 153]
Line Length: 184
nFirstNonZero: 0
nLastNonZero: 239
nHeightSampling: 239
nHeight: 240
nWidth: 320
nSamplingSize: 4
rOrientation rough: 0.0125523012552
rBase: 153.000000, rMed: 169.250000, rTop: 156.000000, rOrientation: 0.012552
detectLine takes: 0.138s
found line
TODO:should send data to walker
end of loop, time total: 0.138s, time get image: 0.137s, time detect: 0.001s

aMaxL
[156 156 156 156 156 156 156 156 156 156 156 156 156 173 173 173 173 173
 173 173 173 156 173 156 156 156 156 156 156 156 156 156 156 156 156 156
 174 174 174 174 174 174 174 174 174 174 174 174 156 174 174 156 156 156
   0 156   0 156 235 233 175 175 175 175 175 175 175 175 175 175 175 175
 175   0 205 205 155 155 155   0   0 155 155 176 155 155 155 176 176 176
 176 176 176 176 176 149 176 176 176  93   0   0   0   0   0   0   0   0
   0   0 154  80 177 177 177 177 177 177 177 177   0 123   0 241 237   0
 153   0   0   0 150 148 153 153 153 242 244 178 178 178   0 178 178 178
   0 261 247 155 155 155 155 155 155   0   0 147 254 155 251 155 155 155
 155 155 155 155 179 179 246   0 179 252   0 247 255   0   0   0 102   0
 106   0   0   0   0   0   0   0   0 151   0   0 134   0 154 154 132 131
   0   0   0 154 154 154   0   0   0   0   0   0   0   0   0   0   0   0
 181 181 181 181 181 181 181 181   0 181   0   0   0 263   0   0   0   0
   0 153   0 153 153 153]
Line Length: 173
nFirstNonZero: 0
nLastNonZero: 239
nHeightSampling: 239
nHeight: 240
nWidth: 320
nSamplingSize: 4
rOrientation rough: 0.0125523012552
rBase: 153.000000, rMed: 176.000000, rTop: 156.000000, rOrientation: 0.012552
detectLine takes: 0.203s
found line
TODO:should send data to walker
end of loop, time total: 0.203s, time get image: 0.202s, time detect: 0.001s
