inaoqi-broker: construct at 0.0.0.0:0, parent : 192.168.0.101:9559
[I] 18062 qimessaging.session: Session listener created on tcp://0.0.0.0:0
[I] 18062 qimessaging.transportserver: TransportServer will listen on: tcp://127.0.0.1:46257
[I] 18062 qimessaging.transportserver: TransportServer will listen on: tcp://192.168.122.1:46257
[I] 18062 qimessaging.transportserver: TransportServer will listen on: tcp://192.168.0.102:46257
LineFinder: start - begin
left img angle:  0.531452775002
top angle:  0.415388375521
imgDimPrev:  240
turning angle:  0.2355
rotated image Dim:  240

aMaxL
[   0.           72.17037037   73.22962963   74.28888889   75.34814815
   76.40740741   77.46666667   78.52592593   79.58518519   80.64444444
   81.7037037    82.76296296   83.82222222   84.88148148   85.94074074
   87.           88.05925926   89.11851852   90.17777778   91.23703704
   92.2962963    93.35555556   94.41481481   95.47407407   96.53333333
   97.59259259   98.65185185   99.71111111  100.77037037  101.82962963
  102.88888889  103.94814815  105.00740741  106.06666667  107.12592593
  108.18518519  109.24444444  110.3037037   111.36296296  112.42222222
  113.48148148  114.54074074  115.6         116.65925926  117.71851852
  118.77777778  119.83703704  120.8962963   121.95555556  123.01481481
  124.07407407  125.13333333  126.19259259  127.25185185  128.31111111
  129.37037037  130.42962963  131.48888889  132.54814815  133.60740741
  134.66666667  135.72592593  136.78518519  137.84444444  138.9037037
  139.96296296  141.02222222  142.08148148  143.14074074  144.2
  145.25925926  146.31851852  147.37777778  148.43703704  149.4962963
  150.55555556  151.61481481  152.67407407  153.73333333  154.79259259
  155.85185185  156.91111111  157.97037037  159.02962963  160.08888889
  161.14814815  162.20740741  163.26666667  164.32592593  165.38518519
  166.44444444  167.5037037   168.56296296  169.62222222  170.68148148
  171.74074074  172.8         173.85925926  174.91851852  175.97777778
  177.03703704  178.0962963   179.15555556  180.21481481  181.27407407
  182.33333333  183.39259259  184.45185185  185.51111111  186.57037037
  187.62962963  188.68888889  189.74814815  190.80740741  191.86666667
  192.92592593  193.98518519  195.04444444  196.1037037   197.16296296
  198.22222222  199.28148148  200.34074074  201.4         202.45925926
  203.51851852  204.57777778  205.63703704  206.6962963   207.75555556
  208.81481481  209.87407407  210.93333333  211.99259259  213.05185185
  214.11111111  215.17037037  216.22962963  217.28888889  218.34814815
  219.40740741  220.46666667  221.52592593  222.58518519  223.64444444
  224.7037037   225.76296296  226.82222222  227.88148148  228.94074074
  230.          231.05925926  232.11851852  233.17777778  234.23703704
  235.2962963   236.35555556  237.41481481  238.47407407  239.53333333
  240.59259259  241.65185185  242.71111111  243.77037037  244.82962963
  245.88888889  246.94814815  248.00740741  249.06666667  250.12592593
  251.18518519  252.24444444  253.3037037   254.36296296  255.42222222
  256.48148148  257.54074074  258.6         259.65925926  260.71851852
  261.77777778  262.83703704  263.8962963   264.95555556  266.01481481
  267.07407407  268.13333333  269.19259259  270.25185185  271.31111111
  272.37037037  273.42962963  274.48888889  275.54814815  276.60740741
  277.66666667  278.72592593  279.78518519  280.84444444  281.9037037
  282.96296296  284.02222222  285.08148148  286.14074074  287.2
  288.25925926  289.31851852  290.37777778  291.43703704  292.4962963
  293.55555556  294.61481481  295.67407407  296.73333333  297.79259259
  298.85185185  299.91111111  300.97037037  302.02962963  303.08888889
  304.14814815  305.20740741  306.26666667  307.32592593  308.38518519
  309.44444444  310.5037037   311.56296296  312.62222222  313.68148148
  314.74074074  315.8         316.85925926  317.91851852  318.97777778
  320.03703704  321.0962963   322.15555556  323.21481481  324.27407407]

aMaxLWithoutZeros
[  72.17037037   73.22962963   74.28888889   75.34814815   76.40740741
   77.46666667   78.52592593   79.58518519   80.64444444   81.7037037
   82.76296296   83.82222222   84.88148148   85.94074074   87.
   88.05925926   89.11851852   90.17777778   91.23703704   92.2962963
   93.35555556   94.41481481   95.47407407   96.53333333   97.59259259
   98.65185185   99.71111111  100.77037037  101.82962963  102.88888889
  103.94814815  105.00740741  106.06666667  107.12592593  108.18518519
  109.24444444  110.3037037   111.36296296  112.42222222  113.48148148
  114.54074074  115.6         116.65925926  117.71851852  118.77777778
  119.83703704  120.8962963   121.95555556  123.01481481  124.07407407
  125.13333333  126.19259259  127.25185185  128.31111111  129.37037037
  130.42962963  131.48888889  132.54814815  133.60740741  134.66666667
  135.72592593  136.78518519  137.84444444  138.9037037   139.96296296
  141.02222222  142.08148148  143.14074074  144.2         145.25925926
  146.31851852  147.37777778  148.43703704  149.4962963   150.55555556
  151.61481481  152.67407407  153.73333333  154.79259259  155.85185185
  156.91111111  157.97037037  159.02962963  160.08888889  161.14814815
  162.20740741  163.26666667  164.32592593  165.38518519  166.44444444
  167.5037037   168.56296296  169.62222222  170.68148148  171.74074074
  172.8         173.85925926  174.91851852  175.97777778  177.03703704
  178.0962963   179.15555556  180.21481481  181.27407407  182.33333333
  183.39259259  184.45185185  185.51111111  186.57037037  187.62962963
  188.68888889  189.74814815  190.80740741  191.86666667  192.92592593
  193.98518519  195.04444444  196.1037037   197.16296296  198.22222222
  199.28148148  200.34074074  201.4         202.45925926  203.51851852
  204.57777778  205.63703704  206.6962963   207.75555556  208.81481481
  209.87407407  210.93333333  211.99259259  213.05185185  214.11111111
  215.17037037  216.22962963  217.28888889  218.34814815  219.40740741
  220.46666667  221.52592593  222.58518519  223.64444444  224.7037037
  225.76296296  226.82222222  227.88148148  228.94074074  230.
  231.05925926  232.11851852  233.17777778  234.23703704  235.2962963
  236.35555556  237.41481481  238.47407407  239.53333333  240.59259259
  241.65185185  242.71111111  243.77037037  244.82962963  245.88888889
  246.94814815  248.00740741  249.06666667  250.12592593  251.18518519
  252.24444444  253.3037037   254.36296296  255.42222222  256.48148148
  257.54074074  258.6         259.65925926  260.71851852  261.77777778
  262.83703704  263.8962963   264.95555556  266.01481481  267.07407407
  268.13333333  269.19259259  270.25185185  271.31111111  272.37037037
  273.42962963  274.48888889  275.54814815  276.60740741  277.66666667
  278.72592593  279.78518519  280.84444444  281.9037037   282.96296296
  284.02222222  285.08148148  286.14074074  287.2         288.25925926
  289.31851852  290.37777778  291.43703704  292.4962963   293.55555556
  294.61481481  295.67407407  296.73333333  297.79259259  298.85185185
  299.91111111  300.97037037  302.02962963  303.08888889  304.14814815
  305.20740741  306.26666667  307.32592593  308.38518519  309.44444444
  310.5037037   311.56296296  312.62222222  313.68148148  314.74074074
  315.8         316.85925926  317.91851852  318.97777778  320.03703704
  321.0962963   322.15555556  323.21481481  324.27407407]
Line Length: 239
nFirstNonZero: 1
nLastNonZero: 239
nHeightSampling: 238
nHeight: 240
nWidth: 320
nSamplingSize: 5
rOrientation rough: -1.04145658263
74.2888888889   200.340740741   322.155555556
rBase: 322.155556, rMed: 200.340741, rTop: 74.288889, rOrientation: -1.041457
detectLine takes: 0.325s
found line
TODO:should send data to walker
rT:  0.520728291317
rY:  -0.25212962963
end of loop, time total: 0.325s, time get image: 0.316s, time detect: 0.009s
LineFinder: start - end
